IMAGE_ID X Y Z NX NY NZ FOCAL_LENGTH EULER_ROTATION_MATRIX

DSC_3075.JPG 0.1734898464227215 1.3738111871983465 3.604638876120865 -0.08054814249009487 -0.24353739238470468 -0.9665410158145664 50 0.9962294592928618 0.011686241137431223 -0.08596683200589761 0 0.03223136947831702 -0.9698211022031519 0.2416778197166964 0 -0.08054814249009487 -0.24353739238470468 -0.9665410158145664 0 0 0 0 1
DSC_3076.JPG 0.1797529741243301 0.6836248624345999 3.7169545706526637 -0.08216449103839107 -0.06216469815321198 -0.9946781121126179 50 0.9963292033831498 0.018934210537836824 -0.08348421501820913 0 0.02402321581928319 -0.9978862891005309 0.06038078441748857 0 -0.08216449103839107 -0.06216469815321198 -0.9946781121126179 0 0 0 0 1
DSC_3077.JPG 0.19934753800986785 0.1718582369105279 3.713633869429701 -0.0875238504300099 0.07138820104903552 -0.9936011777151272 50 0.9960183498180002 0.023234608388346213 -0.0860674142685158 0 0.01694173638483914 -0.9971779568983777 -0.07313754059471744 0 -0.0875238504300099 0.07138820104903552 -0.9936011777151272 0 0 0 0 1
DSC_3078.JPG 0.20316932653003045 -0.26053915397072847 3.657379206839039 -0.08853681091198765 0.1838776606726608 -0.9789536449797228 50 0.9960121227633008 0.02720048355929074 -0.084970494894901 0 0.01100383669810603 -0.9825727146627322 -0.1855526232049303 0 -0.08853681091198765 0.1838776606726608 -0.9789536449797228 0 0 0 0 1
DSC_3079.JPG 0.20167768663241561 -0.5136735526092056 3.6005468983616136 -0.08810440311440856 0.24980668146309717 -0.9642791276638982 50 0.9960856400559213 0.029035430114198717 -0.08348857090925185 0 0.007142256382928942 -0.967860302778494 -0.25138699743479637 0 -0.08810440311440856 0.24980668146309717 -0.9642791276638982 0 0 0 0 1
DSC_3080.JPG 0.20163632033712486 -0.900944774129605 3.478340253110592 -0.08812981257991163 0.35050061495754486 -0.9324068077019881 50 0.996108158289473 0.03222569035265954 -0.08203683240135841 0 0.0012934928618708796 -0.9360079186607756 -0.35197656609572586 0 -0.08812981257991163 0.35050061495754486 -0.9324068077019881 0 0 0 0 1
DSC_3081.JPG 0.1936487717472316 -1.242370835176759 3.330283058499981 -0.08603100994762695 0.439504625814325 -0.8941109266837093 50 0.9962855025669146 0.034597634611956286 -0.07885557085106897 0 -0.0037232650163134453 -0.8975737783419633 -0.4408485564573741 0 -0.08603100994762695 0.439504625814325 -0.8941109266837093 0 0 0 0 1
DSC_3082.JPG 0.18446393837958633 -1.5980739380595663 3.1305599198349934 -0.08362922753890235 0.5320407633361545 -0.8425786482281215 50 0.996456171990194 0.03700037058368489 -0.07553853241438334 0 -0.009013856216700589 -0.8459099235293034 -0.533249614787252 0 -0.08362922753890235 0.5320407633361545 -0.8425786482281215 0 0 0 0 1
DSC_3083.JPG 0.17682878722873022 -1.9226095544195883 2.902114717211181 -0.08165229742672708 0.6165032446418268 -0.783107049943389 50 0.9965579368891848 0.03920972316241108 -0.07304023571086724 0 -0.014324131670340776 -0.7863754491053413 -0.6175827655434241 0 -0.08165229742672708 0.6165032446418268 -0.783107049943389 0 0 0 0 1
DSC_3084.JPG 0.16058335179613753 -2.383609148773673 2.4756020717624163 -0.07743100352406941 0.73639400776538 -0.6721073612307019 50 0.9967543576123256 0.04228364308106843 -0.06850433642210708 0 -0.02202703507274561 -0.6752303006049376 -0.7372780010761679 0 -0.07743100352406941 0.73639400776538 -0.6721073612307019 0 0 0 0 1
DSC_3085.JPG 0.1477683931389325 -2.6205870879664355 2.190397555444612 -0.07406173373060056 0.7980195652514452 -0.5980632350117432 50 0.9969049781933312 0.04338744641741554 -0.06555908744582577 0 -0.026368997898501164 -0.601067635935649 -0.7987630267986611 0 -0.07406173373060056 0.7980195652514452 -0.5980632350117432 0 0 0 0 1
DSC_3086.JPG 0.13186460835043506 -2.7970532920277735 1.933971694957084 -0.06989722385259617 0.843986564431077 -0.5317904259739237 50 0.9971248743645564 0.04347295457273183 -0.062065184638283526 0 -0.029263680923067276 -0.5345996457916375 -0.8445986358610155 0 -0.06989722385259617 0.843986564431077 -0.5317904259739237 0 0 0 0 1
DSC_3087.JPG 0.1199478309637766 -2.9718806917641363 1.6278923395842506 -0.06684936473825447 0.8892563521184801 -0.45249784822806033 50 0.9972314279558665 0.04474487864961357 -0.05939170760075689 0 -0.03256749193896068 -0.45521537325925654 -0.8897855485549541 0 -0.06684936473825447 0.8892563521184801 -0.45249784822806033 0 0 0 0 1
DSC_3088.JPG 0.10601059606330739 -3.181286958803456 1.1437170055746317 -0.06354344265421423 0.9428106916088531 -0.32721587779887285 50 0.9973037544832355 0.04793010859294577 -0.0555691099794731 0 -0.0367076584555994 -0.32986467600866975 -0.9433142866152312 0 -0.06354344265421423 0.9428106916088531 -0.32721587779887285 0 0 0 0 1
DSC_3089.JPG 0.08373577179574128 -3.3177136246253003 0.6536696545103383 -0.057840548250632125 0.9780845553900839 -0.20001268331145478 50 0.9975212656505482 0.04858026024683221 -0.05090464506583423 0 -0.0400723789285688 -0.2024612575821163 -0.9784700524928053 0 -0.057840548250632125 0.9780845553900839 -0.20001268331145478 0 0 0 0 1
DSC_3090.JPG 0.05553613145280487 -3.38922825610545 0.11784586223922763 -0.050486906730066214 0.9968540410042961 -0.061099044036995453 50 0.9978077950138624 0.047725187137009434 -0.045846599899135546 0 -0.04278640506520244 -0.06327975542100761 -0.9970782296768161 0 -0.050486906730066214 0.9968540410042961 -0.061099044036995453 0 0 0 0 1
DSC_3091.JPG 0.03560535253208499 -3.3950271403724845 -0.2462397902640753 -0.04529587779692009 0.9984160043585666 0.03337312834124295 50 0.9979946606669351 0.04670484795759583 -0.04272369901526161 0 -0.044214711747282615 0.03137099644468516 -0.998529378559876 0 -0.04529587779692009 0.9984160043585666 0.03337312834124295 0 0 0 0 1
DSC_3092.JPG 0.002730079667316982 -3.3235220545321837 -0.8733971673604125 -0.0367845399107298 0.9799243813425905 0.19594668783599745 50 0.9982877147188554 0.04495706128553569 -0.037423271930373356 0 -0.045481163847927296 0.19423457336661382 -0.9799001960629093 0 -0.0367845399107298 0.9799243813425905 0.19594668783599745 0 0 0 0 1
DSC_3093.JPG -0.023838165966014745 -3.1850712618139574 -1.3868703204583406 -0.029959676620125195 0.9438547608399069 0.3289994045840503 50 0.9985133854502415 0.04325536094554752 -0.0331661397537889 0 -0.04553500690144867 0.32751666246057237 -0.9437475292455988 0 -0.029959676620125195 0.9438547608399069 0.3289994045840503 0 0 0 0 1
DSC_3094.JPG -0.07041148767809821 -2.779601275830691 -2.215944146627651 -0.01790091682013676 0.8389643097040289 0.5438919416757712 50 0.9989189963829811 0.038347158183975716 -0.026274210253225287 0 -0.04289983499054617 0.5428336600672945 -0.8387438355396292 0 -0.01790091682013676 0.8389643097040289 0.5438919416757712 0 0 0 0 1
DSC_3095.JPG -0.10437160940954837 -2.3986600623726337 -2.7100493625911617 -0.009006502182748042 0.7403979945492171 0.6721083934797488 50 0.9991424030604991 0.03382842520547454 -0.02387668433028513 0 -0.040414617713429184 0.6713169499689504 -0.7400677072805314 0 -0.009006502182748042 0.7403979945492171 0.6721083934797488 0 0 0 0 1
DSC_3096.JPG -0.12714297928736573 -2.04824012334327 -3.050241617326351 -0.0031284921838226083 0.6497170666535624 0.7601696822655754 50 0.9993040035592005 0.030288169930405978 -0.021774646560171015 0 -0.03717150800289487 0.7595724850607458 -0.6493596221905343 0 -0.0031284921838226083 0.6497170666535624 0.7601696822655754 0 0 0 0 1
DSC_3097.JPG -0.13789717955992878 -1.8463095061722672 -3.2118074590114105 -0.00038086239599798184 0.5973639845188352 0.8019701521525697 50 0.9993824660738635 0.028405434056372966 -0.020683757400236757 0 -0.03513604200757559 0.8014670307104651 -0.5970059105538169 0 -0.00038086239599798184 0.5973639845188352 0.8019701521525697 0 0 0 0 1
DSC_3098.JPG -0.15399238146163696 -1.5274162129162456 -3.424500370864977 0.003822842839686754 0.514937581855252 0.8572191508976503 50 0.9994820151169059 0.02542483838892837 -0.01973015587231098 0 -0.031954457129982176 0.8568505496210891 -0.5145736568107286 0 0.003822842839686754 0.514937581855252 0.8572191508976503 0 0 0 0 1
DSC_3099.JPG -0.17422815855461482 -0.920742688493802 -3.716958902448865 0.009204747903551736 0.35779309609801524 0.9337555210014173 50 0.999599593334527 0.021694058605070045 -0.018166475351261892 0 -0.026756786456528733 0.9335488568927907 -0.35745014501701283 0 0.009204747903551736 0.35779309609801524 0.9337555210014173 0 0 0 0 1
DSC_3100.JPG -0.1753130334743449 -0.18800010552171362 -3.9213420036042317 0.008784190208550448 0.16564130693901147 0.9861469441406369 50 0.9998618271491461 0.012463205076973217 -0.010999778596888988 0 -0.014112569303683665 0.986107309553451 -0.1655089406434082 0 0.008784190208550448 0.16564130693901147 0.9861469441406369 0 0 0 0 1
DSC_3101.JPG -0.14651223569380697 0.4463459694745114 -3.9815882430671885 1.1185591218287883e-06 -3.569155260865043e-06 0.9999999999930049 50 0.9999999999634732 8.473621995949509e-06 -1.1185288781232296e-06 0 -8.473618003687005e-06 0.9999999999577293 3.569164738981852e-06 0 1.1185591218287883e-06 -3.569155260865043e-06 0.9999999999930049 0 0 0 0 1
DSC_3102.JPG -0.1492559954908989 1.0914797207902256 -3.926791800805171 0.0006839363415668947 -0.16828449434402434 0.9857382315779667 50 0.9999820530118868 -0.005751988150475271 -0.0016757942742067593 0 0.005951964819566407 0.9857216866822467 0.1682775401504723 0 0.0006839363415668947 -0.16828449434402434 0.9857382315779667 0 0 0 0 1
DSC_3103.JPG -0.16283296520006543 1.7011977636036424 -3.764782579971934 0.004877252703814952 -0.3283410552302179 0.9445466446165434 50 0.9998895007385331 -0.011663080830618507 -0.00921731296995739 0 0.01404274613139522 0.9444872280744965 0.3282478899935896 0 0.004877252703814952 -0.3283410552302179 0.9445466446165434 0 0 0 0 1
DSC_3104.JPG -0.17141609405362032 2.131952982605579 -3.5823653777792646 0.007471470362992963 -0.4408146857715254 0.89756703924485 50 0.9997749741993665 -0.014528241472969518 -0.015457398369691889 0 0.01985391888950851 0.8974805529970298 0.4406069437683369 0 0.007471470362992963 -0.4408146857715254 0.89756703924485 0 0 0 0 1
DSC_3105.JPG -0.23329569344903378 2.70604240006571 -3.218509979255268 0.025834994719742568 -0.5923515830322723 0.8052652700365215 50 0.9992448408543355 -0.008084302133414299 -0.03800515866312339 0 0.029022423638014508 0.8056390296765522 0.5916954054139671 0 0.025834994719742568 -0.5923515830322723 0.8052652700365215 0 0 0 0 1
DSC_3106.JPG -0.20756297283082972 2.933455309738205 -3.0249346490154725 0.01899198290607955 -0.6497650814985662 0.7598977848700816 50 0.9992836254122133 -0.01254783261773327 -0.03570417173973524 0 0.032734394271443944 0.7600315064270422 0.6490612980835652 0 0.01899198290607955 -0.6497650814985662 0.7598977848700816 0 0 0 0 1
DSC_3107.JPG -0.18955568460759703 3.4169692760092705 -2.5301822929904927 0.01441931482746084 -0.7755626906435318 0.631105851851868 50 0.9990458371193772 -0.014847998988156023 -0.04107252439880615 0 0.041224976583976086 0.6310959117343521 0.7746085795405557 0 0.01441931482746084 -0.7755626906435318 0.631105851851868 0 0 0 0 1
DSC_3108.JPG -0.17915809842246858 3.7502294672668306 -2.0484203079507854 0.012200261977571264 -0.8622883361513408 0.5062706577958385 50 0.9988271892345624 -0.013215519905344988 -0.0465789231242536 0 0.046855092076126856 0.5062451731828993 0.8611158023027762 0 0.012200261977571264 -0.8622883361513408 0.5062706577958385 0 0 0 0 1
DSC_3109.JPG -0.1503149958446166 4.049909329135918 -1.4079071166498647 0.004740156223816225 -0.9407452891352674 0.3390808633479275 50 0.9985697395714541 -0.013604872359499975 -0.0517047643866616 0 0.05325416538799846 0.338840978067712 0.9393352891544872 0 0.004740156223816225 -0.9407452891352674 0.3390808633479275 0 0 0 0 1
DSC_3110.JPG -0.1230415479788437 4.202183739399646 -0.8574039662473383 -0.002347765320655431 -0.9806901125391065 0.19555406200340986 50 0.9983384270212556 -0.013557691703333864 -0.056005125911850556 0 0.057574934917236434 0.1950976477657066 0.979092454625999 0 -0.002347765320655431 -0.9806901125391065 0.19555406200340986 0 0 0 0 1
DSC_3111.JPG -0.09123648802491549 4.271831935049697 -0.26329695709408424 -0.010592811411082894 -0.9991116935544355 0.04078745087888358 50 0.9980766083440334 -0.013055844855210094 -0.060602217711796996 0 0.061080899001902306 0.04006705277288053 0.9973283085620377 0 -0.010592811411082894 -0.9991116935544355 0.04078745087888358 0 0 0 0 1
DSC_3112.JPG -0.04507501417477857 4.229998464948909 0.46928774502539367 -0.02287661299320024 -0.9883142550841404 -0.15070366211688518 50 0.9977285013745281 -0.013016143467875337 -0.06609400543288593 0 0.06336006725768219 -0.1518733459389917 0.9863670658889608 0 -0.02287661299320024 -0.9883142550841404 -0.15070366211688518 0 0 0 0 1
DSC_3113.JPG -0.010404986657903646 4.091954790893222 1.054509832608336 -0.03204731682469147 -0.9522317584179765 -0.3036900521000753 50 0.9975248635464844 -0.011445686174610269 -0.0693768179910251 0 0.06258686835834924 -0.3051617186479998 0.9502416584116347 0 -0.03204731682469147 -0.9522317584179765 -0.3036900521000753 0 0 0 0 1
DSC_3114.JPG 0.03266237370950444 3.727430190079441 1.8599070188307791 -0.0431114156509979 -0.8567816656412596 -0.5138740928102481 50 0.9972664388208439 -0.006010304831817419 -0.07364459408144133 0 0.06000879803960853 -0.5156443092450621 0.8546987132908437 0 -0.0431114156509979 -0.8567816656412596 -0.5138740928102481 0 0 0 0 1
DSC_3115.JPG 0.06508171148743415 3.4262982742624657 2.2882225623747603 -0.05175954007344549 -0.7785856842557556 -0.6254000977641292 50 0.996961522367642 -0.0037809341093543577 -0.077803775330341 0 0.05821230909162467 -0.6275269211828747 0.7764156684798186 0 -0.05175954007344549 -0.7785856842557556 -0.6254000977641292 0 0 0 0 1
DSC_3116.JPG 0.09764546754994854 3.001098475687315 2.7354818995979895 -0.0603408112737929 -0.6677911491861279 -0.7418988930868483 50 0.9966897001525867 0.0002617308697820468 -0.08129928109582582 0 0.05448511819356554 -0.7443486498715652 0.6655647671938553 0 -0.0603408112737929 -0.6677911491861279 -0.7418988930868483 0 0 0 0 1
DSC_3117.JPG 0.1194384978888881 2.5810283537820498 3.06209488250759 -0.06600252861613641 -0.5580414332044704 -0.8271840333585851 50 0.9965757690296088 0.0045104027511059085 -0.08256144893391108 0 0.04980364243024887 -0.8298008285691957 0.55583287245948 0 -0.06600252861613641 -0.5580414332044704 -0.8271840333585851 0 0 0 0 1
DSC_3118.JPG 0.14413965979187673 2.1438578434481816 3.315164527425116 -0.07260827190459107 -0.4435449826685754 -0.8933061553580396 50 0.996359747688592 0.007856436008938913 -0.08488539096430192 0 0.04466869191003823 -0.8962176771090661 0.4413599247782647 0 -0.07260827190459107 -0.4435449826685754 -0.8933061553580396 0 0 0 0 1
